-1.00958, 8.42361, 14.914
-3.65107, 13.6702, 15.221
-4.62257, 16.0242, 15.282
-5.50962, 17.929, 15.246
-6.30501, 19.3509, 15.165
-6.96028, 20.3427, 15.087
-7.42823, 20.9353, 15.033
-7.67857, 21.1825, 14.999
-7.77656, 21.2212, 14.985
-7.78808, 21.1774, 14.988
-7.59464, 20.8889, 14.983
-6.96405, 20.1096, 14.947
-5.89631, 18.8393, 14.896
-4.39019, 17.1004, 14.825
-2.49699, 15.1178, 14.831
3.27073, 6.8093, 15.276
3.52138, 6.29749, 14.524
3.14572, 6.48479, 15.155
3.1853, 6.52487, 15.139
-4.36056, 13.4495, 15.582
-5.32224, 15.9138, 15.767
-6.15562, 17.874, 15.812
-6.93527, 19.2774, 15.762
-7.64076, 20.1896, 15.691
-8.18767, 20.6857, 15.64
-8.51885, 20.8414, 15.622
-8.68312, 20.8248, 15.624
-8.73043, 20.7709, 15.633
-8.74141, 20.7157, 15.643
-8.73384, 20.6711, 15.65
-8.72551, 20.6486, 15.655
-8.71681, 20.6372, 15.657
-8.7081, 20.6258, 15.657
-8.6994, 20.6144, 15.656
-8.69031, 20.6141, 15.656
-8.68161, 20.6027, 15.656
-8.67252, 20.6024, 15.656
-8.67252, 20.6024, 15.656
-8.67252, 20.6024, 15.657
-8.67252, 20.6024, 15.657
-8.66306, 20.6131, 15.658
-8.66306, 20.6131, 15.659
-8.65398, 20.6128, 15.661
-8.65398, 20.6128, 15.662
-8.65398, 20.6128, 15.664
-8.65436, 20.6017, 15.665
-8.65436, 20.6017, 15.666
-8.65436, 20.6017, 15.667
-8.65436, 20.6017, 15.668
-8.65436, 20.6017, 15.669
-8.65436, 20.6017, 15.67
-8.64527, 20.6014, 15.671
-8.64527, 20.6014, 15.672
-8.64527, 20.6014, 15.673
-8.65436, 20.6017, 15.674
-8.65474, 20.5907, 15.675
-8.65474, 20.5907, 15.675
-8.65474, 20.5907, 15.676
-8.64565, 20.5903, 15.677
-8.64565, 20.5903, 15.678
-8.64565, 20.5903, 15.678
-8.64565, 20.5903, 15.679
-8.64565, 20.5903, 15.68
-8.63657, 20.59, 15.68
-8.46133, 20.3953, 15.667
-7.83835, 19.7301, 15.605
-6.74037, 18.5935, 15.538
-5.21244, 16.998, 15.47
-3.30261, 15.1342, 15.46
-3.93209, 13.8258, 15.19
-5.00152, 16.1615, 15.306
-5.92681, 18.0577, 15.296
-6.73864, 19.4378, 15.219
-7.40683, 20.3673, 15.133
-7.85723, 20.8761, 15.082
-8.10356, 21.0648, 15.09
-8.19337, 21.091, 15.114
-8.22358, 21.0257, 15.132
-8.22605, 20.9703, 15.146
-8.22853, 20.9149, 15.148
-8.23909, 20.882, 15.147
-8.24916, 20.8603, 15.144
-8.25972, 20.8274, 15.137
-8.26022, 20.8163, 15.13
-8.25163, 20.8049, 15.129
-8.24305, 20.7934, 15.125
-8.24305, 20.7934, 15.125
-8.23397, 20.793, 15.123
-8.23397, 20.793, 15.126
-8.22489, 20.7926, 15.125
-8.22489, 20.7926, 15.128
-8.22538, 20.7815, 15.128
-8.2163, 20.7811, 15.131
-8.2163, 20.7811, 15.132
-8.2163, 20.7811, 15.136
-8.2163, 20.7811, 15.136
-5.11332, 14.2381, 14.502
-6.19058, 16.9014, 14.739
-7.08644, 19.0911, 14.832
-7.93975, 20.746, 14.798
-8.75917, 21.8778, 14.722
-9.47717, 22.5835, 14.66
-9.99122, 22.9259, 14.626
-10.2693, 23.0257, 14.608
-10.37, 23.0075, 14.604
-10.3804, 22.9746, 14.611
-10.3727, 22.9409, 14.624
-10.3467, 22.9066, 14.636
-10.329, 22.8948, 14.645
-10.3113, 22.883, 14.652
-10.3031, 22.8605, 14.655
-10.2944, 22.849, 14.656
-10.2858, 22.8376, 14.658
-10.2858, 22.8376, 14.659
-10.2767, 22.8372, 14.659
-10.2767, 22.8372, 14.659
-10.2767, 22.8372, 14.659
-10.2767, 22.8372, 14.66
-10.2767, 22.8372, 14.661
-10.2763, 22.8483, 14.661
-10.2672, 22.8479, 14.661
-7.84976, 7.56403, 14.995
-11.6505, 11.8182, 15.327
-13.1506, 13.5669, 15.367
-14.3613, 14.9468, 15.304
-15.2619, 15.9378, 15.209
-15.8835, 16.57, 15.126
-16.213, 16.8896, 15.071
-16.3134, 16.9674, 15.042
-16.2916, 16.9364, 15.036
-15.9567, 16.7291, 15.023
-15.0124, 16.2345, 14.976
-13.4858, 15.4494, 14.917
-11.3988, 14.4048, 14.843
-8.86434, 13.2887, 14.828
-6.21396, 12.119, 14.967
-1.15543, 9.90146, 14.596
-3.39337, 14.6949, 14.84
-4.38535, 16.9021, 14.962
-5.19886, 18.7844, 14.987
-5.81109, 20.3055, 14.944
-6.24145, 21.4567, 14.88
-6.49417, 22.2048, 14.822
-6.58727, 22.5523, 14.776
-6.58926, 22.6084, 14.748
-6.43527, 22.1637, 14.716
-6.10607, 21.0814, 14.668
-5.58845, 19.3934, 14.614
-4.86016, 17.1305, 14.546
-3.92015, 14.5161, 14.548
-2.90965, 11.7361, 14.675
-1.71369, 8.58234, 13.367
-4.76346, 13.8203, 13.804
-5.93169, 16.2347, 13.987
-6.94403, 18.2064, 14.029
-7.82189, 19.6812, 13.963
-8.55489, 20.6804, 13.862
-9.09438, 21.257, 13.783
-9.40857, 21.4868, 13.762
-9.54336, 21.517, 13.742
-9.58293, 21.4638, 13.721
-9.59528, 21.4089, 13.72
-9.59856, 21.3535, 13.733
-9.6096, 21.3209, 13.752
-9.61998, 21.2992, 13.77
-9.62064, 21.2882, 13.785
-9.63102, 21.2666, 13.796
-9.62195, 21.266, 13.804
-9.6226, 21.2549, 13.811
-9.61353, 21.2544, 13.816
-9.61353, 21.2544, 13.819
-9.61353, 21.2544, 13.822
-9.61353, 21.2544, 13.825
-9.61353, 21.2544, 13.828
-9.61353, 21.2544, 13.831
-9.61353, 21.2544, 13.835
-9.60446, 21.2539, 13.838
-9.60446, 21.2539, 13.841
-9.60511, 21.2428, 13.843
-9.59604, 21.2422, 13.846
-9.59604, 21.2422, 13.848
-9.59604, 21.2422, 13.851
-9.59604, 21.2422, 13.853
-9.59604, 21.2422, 13.855
-9.59604, 21.2422, 13.858
-9.59604, 21.2422, 13.86
-9.60511, 21.2428, 13.863
-9.60577, 21.2317, 13.864
-9.60577, 21.2317, 13.866
-9.60577, 21.2317, 13.867
-9.59669, 21.2312, 13.869
-9.59669, 21.2312, 13.87
-9.59669, 21.2312, 13.872
-9.59669, 21.2312, 13.873
-9.59669, 21.2312, 13.874
-9.59669, 21.2312, 13.875
-9.59669, 21.2312, 13.876
-9.59669, 21.2312, 13.878
-9.59669, 21.2312, 13.879
-9.59669, 21.2312, 13.881
-9.59669, 21.2312, 13.882
-9.59669, 21.2312, 13.883
-9.59669, 21.2312, 13.885
-9.59669, 21.2312, 13.886
-9.59669, 21.2312, 13.887
-9.57986, 21.2079, 13.887
-9.3059, 20.9139, 13.865
-8.55137, 20.1245, 13.809
-7.30523, 18.8725, 13.745
-5.64783, 17.1849, 13.672
-3.61076, 15.2971, 13.67
-1.50963, 13.2609, 13.819
-1.76186, 8.24542, 14.234,3.81117,4.71318
-4.93114, 13.5868, 14.682,2.09356,0.243843
-5.91372, 16.126, 14.893,2.13915,1.75208
-6.7427, 18.2001, 14.962,2.3292,2.80244
-7.54145, 19.7276, 14.914,2.75845,3.11446
-8.29047, 20.7295, 14.831,3.19935,3.22479
-8.91174, 21.2901, 14.765,3.67492,3.27628
-9.32591, 21.5156, 14.744,3.73299,3.05443
-9.54432, 21.5179, 14.744,3.55423,2.78942
-9.61054, 21.4775, 14.752,3.42681,2.69178
-9.61462, 21.411, 14.762,3.33613,2.65469
-9.61733, 21.3667, 14.769,3.29976,2.66072
-9.60055, 21.3435, 14.771,3.29409,2.67385
-9.58308, 21.3313, 14.771,3.29413,2.69205
-9.56562, 21.3191, 14.768,3.29284,2.69846
-9.54815, 21.3069, 14.767,3.28126,2.6945
-9.53976, 21.2953, 14.765,3.27128,2.68842
-9.53069, 21.2947, 14.764,3.26666,2.68622
-9.52229, 21.2831, 14.761,3.26482,2.688
-9.52229, 21.2831, 14.761,3.26667,2.69276
-9.52229, 21.2831, 14.76,3.26809,2.69738
-9.52229, 21.2831, 14.761,3.26718,2.69877
-9.51254, 21.2936, 14.762,3.2585,2.70227
-9.51254, 21.2936, 14.764,3.25284,2.71015
-9.50347, 21.293, 14.764,3.25055,2.71382
-9.50347, 21.293, 14.767,3.24706,2.71216
-9.50347, 21.293, 14.767,3.24713,2.70959
-9.50347, 21.293, 14.769,3.2475,2.7053
-9.50347, 21.293, 14.771,3.24538,2.7044
-9.50347, 21.293, 14.772,3.23909,2.70198
-9.50347, 21.293, 14.772,3.23931,2.7003
-9.50415, 21.282, 14.775,3.23854,2.69637
-9.50415, 21.282, 14.775,3.23737,2.69058
-9.50415, 21.282, 14.777,3.23471,2.68926
-9.50483, 21.2709, 14.778,3.23145,2.68648
-9.49576, 21.2703, 14.78,3.2329,2.68827
-9.49576, 21.2703, 14.78,3.23137,2.6906
-9.49576, 21.2703, 14.782,3.2295,2.69257
-9.49576, 21.2703, 14.782,3.22763,2.69409
-9.49576, 21.2703, 14.784,3.2267,2.694
-9.49576, 21.2703, 14.785,3.22479,2.6941
-9.49576, 21.2703, 14.787,3.22465,2.69439
-9.49576, 21.2703, 14.787,3.22374,2.69463
-9.49576, 21.2703, 14.789,3.22208,2.69524
-9.49576, 21.2703, 14.788,3.22173,2.69539
-9.49576, 21.2703, 14.79,3.21895,2.6964
-9.49576, 21.2703, 14.791,3.21582,2.69669
-9.49576, 21.2703, 14.792,3.21321,2.69753
-9.49576, 21.2703, 14.792,3.21431,2.69782
-9.49576, 21.2703, 14.793,3.21418,2.69739
-9.48736, 21.2587, 14.793,4.00801,3.40357
-9.25668, 21.0111, 14.772,4.50999,3.87725
-8.56258, 20.3015, 14.694,4.07025,3.64902
-7.39735, 19.1073, 14.618,3.40837,3.25004
-5.80365, 17.4755, 14.547,2.63787,2.12639
-3.81392, 15.6193, 14.53,1.12638,1.28877
-1.68651, 13.6324, 14.662,0.235178,0.688565
